[FilterWheel]
Port=4
Name0=0.03
Position0=0
Name1=0.099
Position1=131
Name2=0.182
Position2=276
Name3=0.3
Position3=431
Name4=0.3
Position4=595
Name5=0.002
Position5=745
Name6=0.000092
Position6=900
Name7=0.0063
Position7=1050
LastFilterPosition=0

[Slit]
Port=5
Proportion=0.425000011920929
LastPosition=200

[CCD]
Proportion=1

[Periph]
LastFlip1=1
LastFlip2=1

[Scan]
SaveDirectory=C:\ProjectIDTU\Scan

