[CalibrationX\Points_0]
PointNum=2
P0X=200
P0Y=785
P1X=2000
P1Y=950

[CalibrationX\Points_1]
PointNum=5
P0X=122
P0Y=522
P1X=317
P1Y=786
P2X=487
P2Y=1003
P3X=658
P3Y=1210
P4X=1014
P4Y=1605

[LineCorrection]
UsedType=0

[View]
AndorPalette=4
MapPalette=4

[CalibrationY]
UseCalY=0

[CalibrationY\Points_0]
PointNum=9
P0X=0
P0Y=1
P1X=334
P1Y=1
P2X=512
P2Y=1.05
P3X=710
P3Y=1.02
P4X=868
P4Y=1.02
P5X=1000
P5Y=1
P6X=1300
P6Y=1
P7X=1700
P7Y=1
P8X=1999
P8Y=1

[CalibrationY\Points_1]
PointNum=0

[CrossSection]
csNA=0.300000011920929
csDensity=1145
csRI=1
csPSF=1.49999996210681E-5
csMolecularWeight=0.181999996304512
csSERSmonolayer=9.99999971718069E-10
csSystemThroughput=0.649999976158142
csSampleAttenuation=0.899999976158142

[CalibrationX]
UsedCalXType=1
LaserWavelengthNm=785

[RandomTrack]
Used[0]=1
Color[0]=255
Name[0]=0(ZZ)0
CentralLine[0]=68
Width[0]=5
Koef[0]=1
Used[1]=1
Color[1]=16711680
Name[1]=0(ZZ)90
CentralLine[1]=87
Width[1]=5
Koef[1]=0.65
Used[2]=1
Color[2]=32768
Name[2]=90(ZZ)90
CentralLine[2]=104
Width[2]=5
Koef[2]=0.52
Used[3]=1
Color[3]=1417679
Name[3]=90(ZZ)0
CentralLine[3]=123
Width[3]=5
Koef[3]=0.65
Used[4]=1
Color[4]=11556997
Name[4]=5
CentralLine[4]=152
Width[4]=5
Koef[4]=1.85
Used[5]=1
Color[5]=16744512
Name[5]=6
CentralLine[5]=171
Width[5]=5
Koef[5]=1
Used[6]=1
Color[6]=8421631
Name[6]=7
CentralLine[6]=188
Width[6]=5
Koef[6]=1
Used[7]=1
Color[7]=65408
Name[7]=8
CentralLine[7]=206
Width[7]=5
Koef[7]=1.05

